numbers4 <- 1.5:6.4 
numbers4